# n	 - Imin	 - Imax
1	 0.005136	 0.020964
2	 0.009200	 0.020964
3	 0.011684	 0.020964
4	 0.013320	 0.020964
5	 0.014472	 0.020964
6	 0.015324	 0.020964
7	 0.015980	 0.020964
8	 0.016500	 0.020964
9	 0.016922	 0.020964
10	 0.017271	 0.020964
11	 0.017565	 0.020964
12	 0.017816	 0.020964
13	 0.018032	 0.020964
14	 0.018220	 0.020964
15	 0.018386	 0.020964
16	 0.018533	 0.020964
17	 0.018664	 0.020964
18	 0.018782	 0.020964
19	 0.018888	 0.020964
20	 0.018984	 0.020964
21	 0.019072	 0.020964
22	 0.019153	 0.020964
23	 0.019226	 0.020964
24	 0.019294	 0.020964
25	 0.019357	 0.020964
26	 0.019416	 0.020964
27	 0.019470	 0.020964
28	 0.019521	 0.020964
29	 0.019568	 0.020964
30	 0.019612	 0.020964
31	 0.019654	 0.020964
32	 0.019693	 0.020964
33	 0.019730	 0.020964
34	 0.019764	 0.020964
35	 0.019797	 0.020964
36	 0.019828	 0.020964
37	 0.019858	 0.020964
38	 0.019886	 0.020964
39	 0.019912	 0.020964
40	 0.019938	 0.020964
41	 0.019962	 0.020964
42	 0.019985	 0.020964
43	 0.020007	 0.020964
44	 0.020028	 0.020964
45	 0.020048	 0.020964
46	 0.020067	 0.020964
47	 0.020086	 0.020964
48	 0.020104	 0.020964
49	 0.020121	 0.020964
50	 0.020137	 0.020964
51	 0.020153	 0.020964
52	 0.020168	 0.020964
53	 0.020182	 0.020964
54	 0.020197	 0.020964
55	 0.020210	 0.020964
56	 0.020223	 0.020964
57	 0.020236	 0.020964
58	 0.020248	 0.020964
59	 0.020260	 0.020964
60	 0.020271	 0.020964
61	 0.020282	 0.020964
62	 0.020293	 0.020964
63	 0.020304	 0.020964
64	 0.020314	 0.020964
65	 0.020323	 0.020964
66	 0.020333	 0.020964
67	 0.020342	 0.020964
68	 0.020351	 0.020964
69	 0.020360	 0.020964
70	 0.020368	 0.020964
71	 0.020377	 0.020964
72	 0.020385	 0.020964
73	 0.020392	 0.020964
74	 0.020400	 0.020964
75	 0.020407	 0.020964
76	 0.020414	 0.020964
77	 0.020421	 0.020964
78	 0.020428	 0.020964
79	 0.020435	 0.020964
80	 0.020441	 0.020964
81	 0.020448	 0.020964
82	 0.020454	 0.020964
83	 0.020460	 0.020964
84	 0.020466	 0.020964
85	 0.020472	 0.020964
86	 0.020477	 0.020964
87	 0.020483	 0.020964
88	 0.020488	 0.020964
89	 0.020493	 0.020964
90	 0.020499	 0.020964
91	 0.020504	 0.020964
92	 0.020509	 0.020964
93	 0.020513	 0.020964
94	 0.020518	 0.020964
95	 0.020523	 0.020964
96	 0.020527	 0.020964
97	 0.020532	 0.020964
98	 0.020536	 0.020964
99	 0.020540	 0.020964
100	 0.020544	 0.020964
101	 0.020549	 0.020964
102	 0.020553	 0.020964
103	 0.020556	 0.020964
104	 0.020560	 0.020964
105	 0.020564	 0.020964
106	 0.020568	 0.020964
107	 0.020572	 0.020964
108	 0.020575	 0.020964
109	 0.020579	 0.020964
110	 0.020582	 0.020964
111	 0.020585	 0.020964
112	 0.020589	 0.020964
113	 0.020592	 0.020964
114	 0.020595	 0.020964
115	 0.020598	 0.020964
116	 0.020602	 0.020964
117	 0.020605	 0.020964
118	 0.020608	 0.020964
119	 0.020611	 0.020964
120	 0.020614	 0.020964
121	 0.020616	 0.020964
122	 0.020619	 0.020964
123	 0.020622	 0.020964
124	 0.020625	 0.020964
125	 0.020627	 0.020964
126	 0.020630	 0.020964
127	 0.020633	 0.020964
128	 0.020635	 0.020964
129	 0.020638	 0.020964
130	 0.020640	 0.020964
131	 0.020643	 0.020964
132	 0.020645	 0.020964
133	 0.020647	 0.020964
134	 0.020650	 0.020964
135	 0.020652	 0.020964
136	 0.020654	 0.020964
137	 0.020657	 0.020964
138	 0.020659	 0.020964
139	 0.020661	 0.020964
140	 0.020663	 0.020964
141	 0.020665	 0.020964
142	 0.020667	 0.020964
143	 0.020669	 0.020964
144	 0.020671	 0.020964
145	 0.020673	 0.020964
146	 0.020675	 0.020964
147	 0.020677	 0.020964
148	 0.020679	 0.020964
149	 0.020681	 0.020964
150	 0.020683	 0.020964
151	 0.020685	 0.020964
152	 0.020687	 0.020964
153	 0.020688	 0.020964
154	 0.020690	 0.020964
155	 0.020692	 0.020964
156	 0.020694	 0.020964
157	 0.020695	 0.020964
158	 0.020697	 0.020964
159	 0.020699	 0.020964
160	 0.020700	 0.020964
161	 0.020702	 0.020964
162	 0.020704	 0.020964
163	 0.020705	 0.020964
164	 0.020707	 0.020964
165	 0.020708	 0.020964
166	 0.020710	 0.020964
167	 0.020711	 0.020964
168	 0.020713	 0.020964
169	 0.020714	 0.020964
170	 0.020716	 0.020964
171	 0.020717	 0.020964
172	 0.020719	 0.020964
173	 0.020720	 0.020964
174	 0.020721	 0.020964
175	 0.020723	 0.020964
176	 0.020724	 0.020964
177	 0.020726	 0.020964
178	 0.020727	 0.020964
179	 0.020728	 0.020964
180	 0.020729	 0.020964
181	 0.020731	 0.020964
182	 0.020732	 0.020964
183	 0.020733	 0.020964
184	 0.020735	 0.020964
185	 0.020736	 0.020964
186	 0.020737	 0.020964
187	 0.020738	 0.020964
188	 0.020739	 0.020964
189	 0.020741	 0.020964
190	 0.020742	 0.020964
191	 0.020743	 0.020964
192	 0.020744	 0.020964
193	 0.020745	 0.020964
194	 0.020746	 0.020964
195	 0.020747	 0.020964
196	 0.020749	 0.020964
197	 0.020750	 0.020964
198	 0.020751	 0.020964
199	 0.020752	 0.020964
200	 0.020753	 0.020964
201	 0.020754	 0.020964
202	 0.020755	 0.020964
203	 0.020756	 0.020964
204	 0.020757	 0.020964
205	 0.020758	 0.020964
206	 0.020759	 0.020964
207	 0.020760	 0.020964
208	 0.020761	 0.020964
209	 0.020762	 0.020964
210	 0.020763	 0.020964
211	 0.020764	 0.020964
212	 0.020765	 0.020964
213	 0.020766	 0.020964
214	 0.020767	 0.020964
215	 0.020767	 0.020964
216	 0.020768	 0.020964
217	 0.020769	 0.020964
218	 0.020770	 0.020964
219	 0.020771	 0.020964
220	 0.020772	 0.020964
